ver=1.3
---MOVES---
HIT3,10.597,10.597,100,1,1,1.5,ORIENT_12,12
HIT9,10.897,10.897,40,1,1,1.1,ORIENT_12,12
HIT3,11.047,11.047,20,1,1,1,ORIENT_12,12
HIT9,11.797,11.797,100,1,1,1.5,ORIENT_12,12
HIT9,12.247,12.247,70,1,1,1.25,ORIENT_12,12
HIT3,12.997,12.997,100,1,1,1.5,ORIENT_12,12
HIT9,13.297,13.297,40,1,1,1.1,ORIENT_12,12
HIT3,13.447,13.447,20,1,1,1,ORIENT_12,12
HIT9,14.197,14.197,100,1,1,1.5,ORIENT_12,12
HIT3,14.497,14.497,40,1,1,1.1,ORIENT_12,12
HIT9,14.647,14.647,20,1,1,1,ORIENT_12,12
HIT3,15.397,15.397,100,1,1,1.5,ORIENT_12,12
HIT9,15.697,15.697,40,1,1,1.1,ORIENT_12,12
HIT3,15.847,15.847,20,1,1,1,ORIENT_12,12
HIT9,16.597,16.597,100,1,1,1.5,ORIENT_12,12
HIT9,17.047,17.047,70,1,1,1.25,ORIENT_12,12
HIT3,17.797,17.797,100,1,1,1.5,ORIENT_12,12
HIT9,18.097,18.097,40,1,1,1.1,ORIENT_12,12
HIT3,18.247,18.247,20,1,1,1,ORIENT_12,12
HIT9,18.997,18.997,100,1,1,1.5,ORIENT_12,12
HIT3,19.297,19.297,40,1,1,1.1,ORIENT_12,12
HIT9,19.447,19.447,20,1,1,1,ORIENT_12,12
HIT3,20.197,20.197,100,1,1,1.5,ORIENT_12,12
HIT9,20.497,20.497,40,1,1,1.1,ORIENT_12,12
HIT3,20.647,20.647,20,1,1,1,ORIENT_12,12
HIT9,21.397,21.397,100,1,1,1.5,ORIENT_12,12
HIT9,21.847,21.847,70,1,1,1.25,ORIENT_12,12
HIT3,22.597,22.597,100,1,1,1.5,ORIENT_12,12
HIT9,22.897,22.897,40,1,1,1.1,ORIENT_12,12
HIT3,23.047,23.047,20,1,1,1,ORIENT_12,12
HIT9,23.797,23.797,100,1,1,1.5,ORIENT_12,12
HIT3,24.097,24.097,40,1,1,1.1,ORIENT_12,12
HIT9,24.247,24.247,20,1,1,1,ORIENT_12,12
HIT3,24.997,24.997,100,1,1,1.5,ORIENT_12,12
HIT9,25.297,25.297,40,1,1,1.1,ORIENT_12,12
HIT3,25.447,25.447,20,1,1,1,ORIENT_12,12
HIT9,26.197,26.197,100,1,1,1.5,ORIENT_12,12
HIT9,26.647,26.647,70,1,1,1.25,ORIENT_12,12
HIT3,27.397,27.397,100,1,1,1.5,ORIENT_12,12
HIT9,27.697,27.697,40,1,1,1.1,ORIENT_12,12
HIT3,27.847,27.847,20,1,1,1,ORIENT_12,12
HIT9,28.597,28.597,100,1,1,1.5,ORIENT_12,12
HIT3,28.897,28.897,40,1,1,1.1,ORIENT_12,12
HIT9,29.047,29.047,20,1,1,1,ORIENT_12,12
HIT3,29.797,29.797,100,1,1,1.5,ORIENT_12,12
HIT9,30.097,30.097,40,1,1,1.1,ORIENT_12,12
HIT3,30.247,30.247,20,1,1,1,ORIENT_12,12
HIT9,30.997,30.997,100,1,1,1.5,ORIENT_12,12
HIT9,31.447,31.447,70,1,1,1.25,ORIENT_12,12
HIT3,32.197,32.197,100,1,1,1.5,ORIENT_12,12
HIT9,32.497,32.497,40,1,1,1.09999999999999,ORIENT_12,12
HIT3,32.647,32.647,20,1,1,1,ORIENT_12,12
HIT9,33.397,33.397,100,1,1,1.5,ORIENT_12,12
HIT3,33.697,33.697,40,1,1,1.1,ORIENT_12,12
HIT9,33.847,33.847,20,1,1,1,ORIENT_12,12
HIT3,34.597,34.597,100,1,1,1.5,ORIENT_12,12
HIT9,34.897,34.897,40,1,1,1.09999999999999,ORIENT_12,12
HIT3,35.047,35.047,20,1,1,1,ORIENT_12,12
HIT9,35.797,35.797,100,1,1,1.5,ORIENT_12,12
HIT9,36.247,36.247,70,1,1,1.24999999999999,ORIENT_12,12
HIT3,36.997,36.997,100,1,1,1.5,ORIENT_12,12
HIT9,37.297,37.297,40,1,1,1.1,ORIENT_12,12
HIT3,37.447,37.447,20,1,1,1,ORIENT_12,12
HIT9,38.197,38.197,100,1,1,1.5,ORIENT_12,12
HIT3,38.497,38.497,40,1,1,1.09999999999999,ORIENT_12,12
HIT9,38.647,38.647,20,1,1,1,ORIENT_12,12
HIT3,39.397,39.397,100,1,1,1.5,ORIENT_12,12
HIT9,39.697,39.697,40,1,1,1.1,ORIENT_12,12
HIT3,39.847,39.847,20,1,1,1,ORIENT_12,12
HIT9,40.597,40.597,100,1,1,1.5,ORIENT_12,1
HIT9,41.047,41.047,70,1,1,1.25,ORIENT_12,1
HIT3,41.797,41.797,100,1,1,1.5,ORIENT_12,1
HIT9,42.097,42.097,40,1,1,1.09999999999999,ORIENT_12,1
HIT3,42.247,42.247,20,1,1,1,ORIENT_12,1
HIT9,42.997,42.997,100,1,1,1.5,ORIENT_12,1
HIT3,43.297,43.297,40,1,1,1.1,ORIENT_12,1
HIT9,43.447,43.447,20,1,1,1,ORIENT_12,1
HIT3,44.197,44.197,100,1,1,1.5,ORIENT_12,1
HIT9,44.497,44.497,40,1,1,1.09999999999999,ORIENT_12,1
HIT3,44.647,44.647,20,1,1,1,ORIENT_12,1
HIT9,45.397,45.397,100,1,1,1.5,ORIENT_12,2
HIT9,45.847,45.847,70,1,1,1.25,ORIENT_12,2
HIT3,46.597,46.597,100,1,1,1.5,ORIENT_12,2
HIT9,46.897,46.897,40,1,1,1.09999999999999,ORIENT_12,2
HIT3,47.047,47.047,20,1,1,1,ORIENT_12,2
HIT9,47.797,47.797,100,1,1,1.5,ORIENT_12,2
HIT3,48.097,48.097,40,1,1,1.09999999999999,ORIENT_12,2
HIT9,48.247,48.247,20,1,1,1,ORIENT_12,2
HIT3,48.997,48.997,100,1,1,1.5,ORIENT_12,2
HIT9,49.297,49.297,40,1,1,1.1,ORIENT_12,2
HIT3,49.447,49.447,20,1,1,1,ORIENT_12,2
HIT9,50.197,50.197,100,1,1,1.5,ORIENT_12,1
HIT9,50.647,50.647,70,1,1,1.24999999999999,ORIENT_12,1
HIT3,51.397,51.397,100,1,1,1.5,ORIENT_12,1
HIT9,51.697,51.697,40,1,1,1.1,ORIENT_12,1
HIT3,51.847,51.847,20,1,1,1,ORIENT_12,1
HIT9,52.597,52.597,100,1,1,1.5,ORIENT_12,1
HIT3,52.897,52.897,40,1,1,1.09999999999999,ORIENT_12,1
HIT9,53.047,53.047,20,1,1,1,ORIENT_12,1
HIT3,53.797,53.797,100,1,1,1.5,ORIENT_12,1
HIT9,54.097,54.097,40,1,1,1.09999999999999,ORIENT_12,1
HIT3,54.247,54.247,20,1,1,1,ORIENT_12,1
HIT9,54.997,54.997,100,1,1,1.5,ORIENT_12,2
HIT9,55.447,55.447,70,1,1,1.25,ORIENT_12,2
HIT3,56.197,56.197,100,1,1,1.5,ORIENT_12,2
HIT9,56.497,56.497,40,1,1,1.09999999999999,ORIENT_12,2
HIT3,56.647,56.647,20,1,1,1,ORIENT_12,2
HIT9,57.397,57.397,100,1,1,1.5,ORIENT_12,2
HIT3,57.697,57.697,40,1,1,1.1,ORIENT_12,2
HIT9,57.847,57.847,20,1,1,1,ORIENT_12,2
HIT3,58.597,58.597,100,1,1,1.5,ORIENT_12,2
HIT9,58.897,58.897,40,1,1,1.09999999999999,ORIENT_12,2
HIT3,59.047,59.047,20,1,1,1,ORIENT_12,2
HIT3,59.797,59.797,100,1,1,1.5,ORIENT_12,1
HIT3,60.247,60.247,70,1,1,1.24999999999999,ORIENT_12,2
HIT9,60.997,60.997,100,1,1,1.5,ORIENT_12,1
HIT3,61.297,61.297,40,1,1,1.1,ORIENT_12,1
HIT9,61.447,61.447,20,1,1,1,ORIENT_12,1
HIT9,62.197,62.197,100,1,1,1.5,ORIENT_12,2
HIT3,62.497,62.497,40,1,1,1.09999999999999,ORIENT_12,2
HIT9,62.647,62.647,20,1,1,1,ORIENT_12,2
HIT9,63.397,63.397,100,1,1,1.5,ORIENT_12,12
HIT3,63.697,63.697,40,1,1,1.1,ORIENT_12,12
HIT9,63.847,63.847,20,1,1,1,ORIENT_12,12
HIT3,64.597,64.597,100,1,1,1.5,ORIENT_12,1
HIT3,65.047,65.047,70,1,1,1.25,ORIENT_12,2
HIT9,65.797,65.797,100,1,1,1.5,ORIENT_12,1
HIT3,66.097,66.097,40,1,1,1.09999999999999,ORIENT_12,1
HIT9,66.247,66.247,20,1,1,1,ORIENT_12,1
HIT9,66.997,66.997,100,1,1,1.5,ORIENT_12,2
HIT3,67.297,67.297,40,1,1,1.09999999999999,ORIENT_12,2
HIT9,67.447,67.447,20,1,1,1,ORIENT_12,2
HIT9,68.197,68.197,100,1,1,1.5,ORIENT_12,12
HIT3,68.497,68.497,40,1,1,1.10000000000001,ORIENT_12,12
HIT9,68.647,68.647,20,1,1,1,ORIENT_12,12
HIT3,69.397,69.397,100,1,1,1.5,ORIENT_12,1
HIT3,69.847,69.847,70,1,1,1.25,ORIENT_12,2
HIT9,70.597,70.597,100,1,1,1.5,ORIENT_12,1
HIT3,70.897,70.897,40,1,1,1.09999999999999,ORIENT_12,1
HIT9,71.047,71.047,20,1,1,1,ORIENT_12,1
HIT9,71.797,71.797,100,1,1,1.5,ORIENT_12,2
HIT3,72.097,72.097,40,1,1,1.09999999999999,ORIENT_12,2
HIT9,72.247,72.247,20,1,1,1,ORIENT_12,2
HIT9,72.997,72.997,100,1,1,1.5,ORIENT_12,12
HIT9,73.597,73.597,100,1,1,1.39999999999999,ORIENT_12,12
HIT9,74.197,74.197,100,1,1,1.39999999999999,ORIENT_12,12
HIT9,74.797,74.797,100,1,1,1.40000000000001,ORIENT_12,12
HIT9,75.397,75.397,100,1,1,1.39999999999999,ORIENT_12,12
HIT9,75.997,75.997,100,1,1,1.40000000000001,ORIENT_12,12
HIT9,76.597,76.597,100,1,1,1.39999999999999,ORIENT_12,12
HIT9,77.197,77.197,100,1,1,1.39999999999999,ORIENT_12,12
HIT9,77.797,77.797,100,1,1,1.40000000000001,ORIENT_12,12
HIT3,78.397,78.397,100,1,1,1.39999999999999,ORIENT_12,12
HIT3,78.997,78.997,100,1,1,1.40000000000001,ORIENT_12,12
HIT3,79.597,79.597,100,1,1,1.39999999999999,ORIENT_12,12
HIT3,80.197,80.197,100,1,1,1.39999999999999,ORIENT_12,12
HIT3,80.797,80.797,100,1,1,1.40000000000001,ORIENT_12,12
HIT3,81.397,81.397,100,1,1,1.39999999999999,ORIENT_12,12
HIT3,81.997,81.997,100,1,1,1.40000000000001,ORIENT_12,12
HIT3,82.597,82.597,100,1,1,1.39999999999999,ORIENT_12,12
HIT9,83.197,83.197,100,1,1,1.39999999999999,ORIENT_12,1
HIT3,83.197,83.197,20,1,1,1,ORIENT_12,2
HIT9,83.797,83.797,100,1,1,1.40000000000001,ORIENT_12,1
HIT3,83.797,83.797,20,1,1,1,ORIENT_12,2
HIT9,84.397,84.397,100,1,1,1.39999999999999,ORIENT_12,1
HIT3,84.397,84.397,20,1,1,1,ORIENT_12,2
HIT9,84.997,84.997,100,1,1,1.40000000000001,ORIENT_12,1
HIT3,84.997,84.997,20,1,1,1,ORIENT_12,2
HIT9,85.597,85.597,100,1,1,1.39999999999999,ORIENT_12,1
HIT3,85.597,85.597,20,1,1,1,ORIENT_12,2
HIT9,86.197,86.197,100,1,1,1.39999999999999,ORIENT_12,1
HIT3,86.197,86.197,20,1,1,1,ORIENT_12,2
HIT9,86.797,86.797,100,1,1,1.40000000000001,ORIENT_12,1
HIT3,86.797,86.797,20,1,1,1,ORIENT_12,2
HIT9,87.397,87.397,100,1,1,1.39999999999999,ORIENT_12,1
HIT3,87.397,87.397,20,1,1,1,ORIENT_12,2
HIT3,87.997,87.997,100,1,1,1.40000000000001,ORIENT_12,1
HIT9,87.997,87.997,20,1,1,1,ORIENT_12,2
HIT3,88.597,88.597,100,1,1,1.39999999999999,ORIENT_12,1
HIT9,88.597,88.597,20,1,1,1,ORIENT_12,2
HIT3,89.197,89.197,100,1,1,1.39999999999999,ORIENT_12,1
HIT9,89.197,89.197,20,1,1,1,ORIENT_12,2
HIT3,89.797,89.797,100,1,1,1.40000000000001,ORIENT_12,1
HIT9,89.797,89.797,20,1,1,1,ORIENT_12,2
HIT3,90.397,90.397,100,1,1,1.39999999999999,ORIENT_12,1
HIT9,90.397,90.397,20,1,1,1,ORIENT_12,2
HIT3,90.997,90.997,100,1,1,1.40000000000001,ORIENT_12,1
HIT9,90.997,90.997,20,1,1,1,ORIENT_12,2
HIT3,91.597,91.597,100,1,1,1.39999999999999,ORIENT_12,1
HIT9,91.597,91.597,20,1,1,1,ORIENT_12,2
HIT3,92.197,92.197,100,1,1,1.39999999999999,ORIENT_12,1
HIT9,92.197,92.197,20,1,1,1,ORIENT_12,2
HIT3,92.797,92.797,100,1,1,1.40000000000001,ORIENT_12,1
HIT9,92.797,92.797,20,1,1,1,ORIENT_12,2
HIT3,93.397,93.397,100,1,1,1.39999999999999,ORIENT_12,1
HIT9,93.397,93.397,20,1,1,1,ORIENT_12,2
HIT3,93.997,93.997,100,1,1,1.40000000000001,ORIENT_12,1
HIT9,93.997,93.997,20,1,1,1,ORIENT_12,2
HIT3,94.597,94.597,100,1,1,1.39999999999999,ORIENT_12,1
HIT9,94.597,94.597,20,1,1,1,ORIENT_12,2
HIT3,95.197,95.197,100,1,1,1.39999999999999,ORIENT_12,1
HIT9,95.197,95.197,20,1,1,1,ORIENT_12,2
HIT3,95.797,95.797,100,1,1,1.40000000000001,ORIENT_12,1
HIT9,95.797,95.797,20,1,1,1,ORIENT_12,2
HIT3,96.397,96.397,100,1,1,1.39999999999999,ORIENT_12,1
HIT9,96.397,96.397,20,1,1,1,ORIENT_12,2
HIT3,96.997,96.997,100,1,1,1.40000000000001,ORIENT_12,1
HIT9,96.997,96.997,20,1,1,1,ORIENT_12,2
HIT3,97.597,97.597,100,1,1,1.39999999999999,ORIENT_12,1
HIT9,97.597,97.597,20,1,1,1,ORIENT_12,2
HIT3,98.197,98.197,100,1,1,1.39999999999999,ORIENT_12,1
HIT9,98.197,98.197,20,1,1,1,ORIENT_12,2
HIT3,98.797,98.797,100,1,1,1.40000000000001,ORIENT_12,1
HIT9,98.797,98.797,20,1,1,1,ORIENT_12,2
HIT3,99.397,99.397,100,1,1,1.39999999999999,ORIENT_12,1
HIT9,99.397,99.397,20,1,1,1,ORIENT_12,2
HIT3,99.997,99.997,100,1,1,1.40000000000001,ORIENT_12,1
HIT9,99.997,99.997,20,1,1,1,ORIENT_12,2
HIT3,100.597,100.597,100,1,1,1.39999999999999,ORIENT_12,1
HIT9,100.597,100.597,20,1,1,1,ORIENT_12,2
HIT3,101.197,101.197,100,1,1,1.39999999999999,ORIENT_12,1
HIT9,101.197,101.197,20,1,1,1,ORIENT_12,2
HIT3,101.797,101.797,100,1,1,1.40000000000001,ORIENT_12,1
HIT9,101.797,101.797,20,1,1,1,ORIENT_12,2
HIT3,102.397,102.397,100,1,1,1.39999999999999,ORIENT_12,1
HIT9,102.397,102.397,20,1,1,1,ORIENT_12,2
HIT9,102.997,102.997,100,1,1,1.40000000000001,ORIENT_12,1
HIT3,102.997,102.997,20,1,1,1,ORIENT_12,2
HIT9,103.597,103.597,100,1,1,1.39999999999999,ORIENT_12,1
HIT3,103.597,103.597,20,1,1,1,ORIENT_12,2
HIT3,104.197,104.197,100,1,1,1.39999999999999,ORIENT_12,12
HIT9,104.497,104.497,40,1,1,1.10000000000001,ORIENT_12,12
HIT3,104.647,104.647,20,1,1,1,ORIENT_12,12
HIT3,105.397,105.397,100,1,1,1.5,ORIENT_12,12
HIT9,105.697,105.697,40,1,1,1.09999999999999,ORIENT_12,12
HIT3,105.847,105.847,20,1,1,1,ORIENT_12,12
HIT3,106.597,106.597,100,1,1,1.5,ORIENT_12,12
HIT9,106.897,106.897,40,1,1,1.09999999999999,ORIENT_12,12
HIT3,107.047,107.047,20,1,1,1,ORIENT_12,12
HIT9,107.797,107.797,100,1,1,1.5,ORIENT_12,12
HIT9,108.397,108.397,100,1,1,1.39999999999999,ORIENT_12,12
HIT3,108.997,108.997,100,1,1,1.40000000000001,ORIENT_12,12
HIT9,109.297,109.297,40,1,1,1.09999999999999,ORIENT_12,12
HIT3,109.447,109.447,20,1,1,1,ORIENT_12,12
HIT3,110.197,110.197,100,1,1,1.5,ORIENT_12,12
HIT9,110.497,110.497,40,1,1,1.10000000000001,ORIENT_12,12
HIT3,110.647,110.647,20,1,1,1,ORIENT_12,12
HIT3,111.397,111.397,100,1,1,1.5,ORIENT_12,12
HIT9,111.697,111.697,40,1,1,1.09999999999999,ORIENT_12,12
HIT3,111.847,111.847,20,1,1,1,ORIENT_12,12
HIT9,112.597,112.597,100,1,1,1.5,ORIENT_12,12
HIT9,113.197,113.197,100,1,1,1.39999999999999,ORIENT_12,12
HIT3,113.797,113.797,100,1,1,1.40000000000001,ORIENT_12,12
HIT9,114.097,114.097,40,1,1,1.09999999999999,ORIENT_12,12
HIT3,114.247,114.247,20,1,1,1,ORIENT_12,12
HIT3,114.997,114.997,100,1,1,1.5,ORIENT_12,12
HIT9,115.297,115.297,40,1,1,1.09999999999999,ORIENT_12,12
HIT3,115.447,115.447,20,1,1,1,ORIENT_12,12
HIT3,116.197,116.197,100,1,1,1.5,ORIENT_12,12
HIT9,116.497,116.497,40,1,1,1.10000000000001,ORIENT_12,12
HIT3,116.647,116.647,20,1,1,1,ORIENT_12,12
HIT9,117.397,117.397,100,1,1,1.5,ORIENT_12,12
HIT9,117.997,117.997,100,1,1,1.40000000000001,ORIENT_12,12
HIT3,118.597,118.597,100,1,1,1.39999999999999,ORIENT_12,12
HIT9,118.897,118.897,40,1,1,1.09999999999999,ORIENT_12,12
HIT3,119.047,119.047,20,1,1,1,ORIENT_12,12
HIT3,119.797,119.797,100,1,1,1.5,ORIENT_12,12
HIT9,120.097,120.097,40,1,1,1.09999999999999,ORIENT_12,12
HIT3,120.247,120.247,20,1,1,1,ORIENT_12,12
HIT3,120.997,120.997,100,1,1,1.5,ORIENT_12,12
HIT9,121.297,121.297,40,1,1,1.09999999999999,ORIENT_12,12
HIT3,121.447,121.447,20,1,1,1,ORIENT_12,12
HIT9,122.197,122.197,100,1,1,1.5,ORIENT_12,12
HIT9,122.797,122.797,100,1,1,1.40000000000001,ORIENT_12,12
HIT3,123.397,123.397,100,1,1,1.39999999999999,ORIENT_12,12
HIT9,123.697,123.697,40,1,1,1.09999999999999,ORIENT_12,12
HIT3,123.847,123.847,20,1,1,1,ORIENT_12,12
HIT3,124.597,124.597,100,1,1,1.5,ORIENT_12,12
HIT9,124.897,124.897,40,1,1,1.09999999999999,ORIENT_12,12
HIT3,125.047,125.047,20,1,1,1,ORIENT_12,12
HIT3,125.797,125.797,100,1,1,1.5,ORIENT_12,12
HIT9,126.097,126.097,40,1,1,1.09999999999999,ORIENT_12,12
HIT3,126.247,126.247,20,1,1,1,ORIENT_12,12
HIT9,126.997,126.997,100,1,1,1.5,ORIENT_12,12
HIT9,127.597,127.597,100,1,1,1.39999999999999,ORIENT_12,12
HIT3,128.197,128.197,100,1,1,1.40000000000002,ORIENT_12,12
HIT9,128.497,128.497,40,1,1,1.09999999999999,ORIENT_12,12
HIT3,128.647,128.647,20,1,1,1,ORIENT_12,12
HIT3,129.397,129.397,100,1,1,1.5,ORIENT_12,12
HIT9,129.697,129.697,40,1,1,1.10000000000002,ORIENT_12,12
HIT3,129.847,129.847,20,1,1,1,ORIENT_12,12
HIT3,130.597,130.597,100,1,1,1.5,ORIENT_12,12
HIT9,130.897,130.897,40,1,1,1.09999999999999,ORIENT_12,12
HIT3,131.047,131.047,20,1,1,1,ORIENT_12,12
HIT9,131.797,131.797,100,1,1,1.5,ORIENT_12,12
HIT9,132.397,132.397,100,1,1,1.40000000000001,ORIENT_12,12
HIT3,132.997,132.997,100,1,1,1.40000000000001,ORIENT_12,12
HIT9,133.297,133.297,40,1,1,1.10000000000002,ORIENT_12,12
HIT3,133.447,133.447,20,1,1,1,ORIENT_12,12
HIT3,134.197,134.197,100,1,1,1.5,ORIENT_12,12
HIT9,134.497,134.497,40,1,1,1.09999999999999,ORIENT_12,12
HIT3,134.647,134.647,20,1,1,1,ORIENT_12,12
HIT3,135.397,135.397,100,1,1,1.5,ORIENT_12,12
HIT9,135.697,135.697,40,1,1,1.10000000000002,ORIENT_12,12
HIT3,135.847,135.847,20,1,1,1,ORIENT_12,12
HIT9,136.597,136.597,100,1,1,1.5,ORIENT_12,12
HIT9,137.197,137.197,100,1,1,1.40000000000001,ORIENT_12,12
HIT3,137.797,137.797,100,1,1,1.40000000000001,ORIENT_12,12
HIT9,138.097,138.097,40,1,1,1.10000000000002,ORIENT_12,12
HIT3,138.247,138.247,20,1,1,1,ORIENT_12,12
HIT3,138.997,138.997,100,1,1,1.5,ORIENT_12,12
HIT9,139.297,139.297,40,1,1,1.10000000000002,ORIENT_12,12
HIT3,139.447,139.447,20,1,1,1,ORIENT_12,12
HIT9,139.897,139.897,70,1,1,1.25,ORIENT_12,12
HIT3,140.347,140.347,70,1,1,1.25000000000003,ORIENT_12,12
HIT9,140.797,140.797,70,1,1,1.25,ORIENT_12,12
HIT3,141.247,141.247,70,1,1,1.25,ORIENT_12,12
HIT9,141.547,141.547,40,1,1,1.10000000000002,ORIENT_12,12
HIT3,141.697,141.697,20,1,1,1,ORIENT_12,12
HIT9,141.847,141.847,20,1,1,1,ORIENT_12,12
HIT3,141.997,141.997,20,1,1,1,ORIENT_12,12
HIT9,142.297,142.297,40,1,1,1.10000000000002,ORIENT_12,12
HIT3,142.747,142.747,70,1,1,1.25,ORIENT_12,12
HIT9,143.197,143.197,70,1,1,1.25000000000003,ORIENT_12,12
HIT3,143.647,143.647,70,1,1,1.25,ORIENT_12,12
HIT9,143.947,143.947,40,1,1,1.10000000000002,ORIENT_12,12
HIT3,144.097,144.097,20,1,1,1,ORIENT_12,12
HIT9,144.247,144.247,20,1,1,1,ORIENT_12,12
HIT3,144.397,144.397,20,1,1,1,ORIENT_12,12
HIT9,144.697,144.697,40,1,1,1.10000000000002,ORIENT_12,12
HIT3,145.147,145.147,70,1,1,1.25,ORIENT_12,12
HIT9,145.597,145.597,70,1,1,1.25000000000003,ORIENT_12,12
HIT3,146.047,146.047,70,1,1,1.25,ORIENT_12,12
HIT9,146.347,146.347,40,1,1,1.10000000000002,ORIENT_12,12
HIT3,146.497,146.497,20,1,1,1,ORIENT_12,12
HIT9,146.647,146.647,20,1,1,1,ORIENT_12,12
HIT3,146.797,146.797,20,1,1,1,ORIENT_12,12
HIT9,147.247,147.247,70,1,1,1.25,ORIENT_12,12
HIT9,147.697,147.697,70,1,1,1.25000000000003,ORIENT_12,12
HIT9,148.297,148.297,100,1,1,1.40000000000001,ORIENT_12,12
HIT9,148.897,148.897,100,1,1,1.40000000000001,ORIENT_12,12
HIT9,149.497,149.497,100,1,1,1.40000000000001,ORIENT_12,12
HIT3,149.947,149.947,70,1,1,1.25000000000003,ORIENT_12,12
HIT9,150.397,150.397,70,1,1,1.25,ORIENT_12,12
HIT3,150.847,150.847,70,1,1,1.25000000000003,ORIENT_12,12
HIT9,151.147,151.147,40,1,1,1.09999999999999,ORIENT_12,12
HIT3,151.297,151.297,20,1,1,1,ORIENT_12,12
HIT9,151.447,151.447,20,1,1,1,ORIENT_12,12
HIT3,151.597,151.597,20,1,1,1,ORIENT_12,12
HIT9,151.897,151.897,40,1,1,1.09999999999999,ORIENT_12,12
HIT3,152.347,152.347,70,1,1,1.25000000000003,ORIENT_12,12
HIT9,152.797,152.797,70,1,1,1.25,ORIENT_12,12
HIT3,153.247,153.247,70,1,1,1.25,ORIENT_12,12
HIT9,153.547,153.547,40,1,1,1.10000000000002,ORIENT_12,12
HIT3,153.697,153.697,20,1,1,1,ORIENT_12,12
HIT9,153.847,153.847,20,1,1,1,ORIENT_12,12
HIT3,153.997,153.997,20,1,1,1,ORIENT_12,12
HIT9,154.297,154.297,40,1,1,1.10000000000002,ORIENT_12,12
HIT3,154.747,154.747,70,1,1,1.25,ORIENT_12,12
HIT9,155.197,155.197,70,1,1,1.25000000000003,ORIENT_12,12
HIT3,155.647,155.647,70,1,1,1.25,ORIENT_12,12
HIT9,155.947,155.947,40,1,1,1.10000000000002,ORIENT_12,12
HIT3,156.097,156.097,20,1,1,1,ORIENT_12,12
HIT9,156.247,156.247,20,1,1,1,ORIENT_12,12
HIT3,156.397,156.397,20,1,1,1,ORIENT_12,12
HIT3,156.697,156.697,40,1,1,1.10000000000002,ORIENT_12,12
HIT3,157.297,157.297,100,1,1,1.40000000000001,ORIENT_12,12
HIT3,157.897,157.897,100,1,1,1.40000000000001,ORIENT_12,12
HIT3,158.497,158.497,100,1,1,1.40000000000001,ORIENT_12,12
HIT3,159.097,159.097,100,1,1,1.40000000000003,ORIENT_12,12
HIT9,159.397,159.397,40,1,1,1.09999999999999,ORIENT_12,12
HIT3,159.547,159.547,20,1,1,1,ORIENT_12,12
HIT9,160.297,160.297,100,1,1,1.5,ORIENT_12,12
HIT9,160.747,160.747,70,1,1,1.25,ORIENT_12,12
HIT3,161.497,161.497,100,1,1,1.5,ORIENT_12,12
HIT9,161.797,161.797,40,1,1,1.10000000000002,ORIENT_12,12
HIT3,161.947,161.947,20,1,1,1,ORIENT_12,12
HIT9,162.697,162.697,100,1,1,1.5,ORIENT_12,12
HIT3,162.997,162.997,40,1,1,1.09999999999999,ORIENT_12,12
HIT9,163.147,163.147,20,1,1,1,ORIENT_12,12
HIT3,163.897,163.897,100,1,1,1.5,ORIENT_12,12
HIT9,164.197,164.197,40,1,1,1.10000000000002,ORIENT_12,12
HIT3,164.347,164.347,20,1,1,1,ORIENT_12,12
HIT9,165.097,165.097,100,1,1,1.5,ORIENT_12,12
HIT9,165.547,165.547,70,1,1,1.25,ORIENT_12,12
HIT3,166.297,166.297,100,1,1,1.5,ORIENT_12,12
HIT9,166.597,166.597,40,1,1,1.10000000000002,ORIENT_12,12
HIT3,166.747,166.747,20,1,1,1,ORIENT_12,12
HIT9,167.497,167.497,100,1,1,1.5,ORIENT_12,12
HIT3,167.797,167.797,40,1,1,1.10000000000002,ORIENT_12,12
HIT9,167.947,167.947,20,1,1,1,ORIENT_12,12
HIT3,168.697,168.697,100,1,1,1.5,ORIENT_12,12
HIT9,168.997,168.997,40,1,1,1.09999999999999,ORIENT_12,12
HIT3,169.147,169.147,20,1,1,1,ORIENT_12,12
HIT9,169.897,169.897,100,1,1,1.5,ORIENT_12,12
HIT9,170.497,170.497,100,1,1,1.40000000000001,ORIENT_12,12
HIT9,171.097,171.097,100,1,1,1.40000000000003,ORIENT_12,12
HIT9,171.697,171.697,100,1,1,1.40000000000001,ORIENT_12,12
HIT9,172.297,172.297,100,1,1,1.40000000000001,ORIENT_12,12
HIT3,172.597,172.597,40,1,1,1.10000000000002,ORIENT_12,12
HIT9,172.747,172.747,20,1,1,1,ORIENT_12,12
HIT3,173.497,173.497,100,1,1,1.5,ORIENT_12,12
HIT9,173.797,173.797,40,1,1,1.10000000000002,ORIENT_12,12
HIT3,173.947,173.947,20,1,1,1,ORIENT_12,12
HIT9,174.697,174.697,100,1,1,1.5,ORIENT_12,12
HIT9,175.297,175.297,100,1,1,1.40000000000001,ORIENT_12,12
HIT9,175.897,175.897,100,1,1,1.40000000000001,ORIENT_12,12
HIT9,176.497,176.497,100,1,1,1.40000000000001,ORIENT_12,12
HIT9,177.097,177.097,100,1,1,1.40000000000003,ORIENT_12,12
HIT3,177.397,177.397,40,1,1,1.09999999999999,ORIENT_12,12
HIT9,177.547,177.547,20,1,1,1,ORIENT_12,12
HIT3,178.297,178.297,100,1,1,1.5,ORIENT_12,12
HIT9,178.597,178.597,40,1,1,1.10000000000002,ORIENT_12,12
HIT3,178.747,178.747,20,1,1,1,ORIENT_12,12
HIT3,179.497,179.497,100,1,1,1.5,ORIENT_12,12
HIT3,180.097,180.097,100,1,1,1.40000000000003,ORIENT_12,12
HIT3,180.697,180.697,100,1,1,1.40000000000001,ORIENT_12,12
HIT3,181.297,181.297,100,1,1,1.40000000000001,ORIENT_12,12
HIT9,181.897,181.897,100,1,1,1.40000000000001,ORIENT_12,12
HIT3,182.197,182.197,40,1,1,1.10000000000002,ORIENT_12,12
HIT9,182.347,182.347,20,1,1,1,ORIENT_12,12
HIT3,183.097,183.097,100,1,1,1.5,ORIENT_12,12
HIT9,183.397,183.397,40,1,1,1.09999999999999,ORIENT_12,12
HIT3,183.547,183.547,20,1,1,1,ORIENT_12,12
HIT9,184.297,184.297,100,1,1,1.5,ORIENT_12,1
HIT3,184.297,184.297,20,1,1,1,ORIENT_12,2
HIT9,184.897,184.897,100,1,1,1.40000000000001,ORIENT_12,1
HIT3,184.897,184.897,20,1,1,1,ORIENT_12,2
HIT9,185.497,185.497,100,1,1,1.40000000000001,ORIENT_12,1
HIT3,185.497,185.497,20,1,1,1,ORIENT_12,2
HIT9,186.097,186.097,100,1,1,1.40000000000003,ORIENT_12,1
HIT3,186.097,186.097,20,1,1,1,ORIENT_12,2
HIT9,186.697,186.697,100,1,1,1.40000000000001,ORIENT_12,12
HIT3,186.997,186.997,40,1,1,1.09999999999999,ORIENT_12,12
HIT9,187.147,187.147,20,1,1,1,ORIENT_12,12
HIT3,187.897,187.897,100,1,1,1.5,ORIENT_12,12
HIT9,188.197,188.197,40,1,1,1.10000000000002,ORIENT_12,12
HIT3,188.347,188.347,20,1,1,1,ORIENT_12,12
HIT9,189.097,189.097,100,1,1,1.5,ORIENT_12,1
HIT3,189.097,189.097,20,1,1,1,ORIENT_12,2
HIT9,189.697,189.697,100,1,1,1.40000000000001,ORIENT_12,1
HIT3,189.697,189.697,20,1,1,1,ORIENT_12,2
HIT9,190.297,190.297,100,1,1,1.40000000000001,ORIENT_12,1
HIT3,190.297,190.297,20,1,1,1,ORIENT_12,2
HIT9,190.897,190.897,100,1,1,1.40000000000001,ORIENT_12,1
HIT3,190.897,190.897,20,1,1,1,ORIENT_12,2
HIT9,191.497,191.497,100,1,1,1.40000000000001,ORIENT_12,12
HIT3,191.797,191.797,40,1,1,1.10000000000002,ORIENT_12,12
HIT9,191.947,191.947,20,1,1,1,ORIENT_12,12
HIT3,192.697,192.697,100,1,1,1.5,ORIENT_12,12
HIT9,192.997,192.997,40,1,1,1.09999999999999,ORIENT_12,12
HIT3,193.147,193.147,20,1,1,1,ORIENT_12,12
HIT9,193.897,193.897,100,1,1,1.5,ORIENT_12,1
HIT3,193.897,193.897,20,1,1,1,ORIENT_12,2
HIT9,194.497,194.497,100,1,1,1.40000000000001,ORIENT_12,1
HIT3,194.497,194.497,20,1,1,1,ORIENT_12,2
HIT9,195.097,195.097,100,1,1,1.40000000000003,ORIENT_12,1
HIT3,195.097,195.097,20,1,1,1,ORIENT_12,2
HIT9,195.697,195.697,100,1,1,1.40000000000001,ORIENT_12,1
HIT3,195.697,195.697,20,1,1,1,ORIENT_12,2
HIT9,196.297,196.297,100,1,1,1.40000000000001,ORIENT_12,12
HIT3,196.597,196.597,40,1,1,1.10000000000002,ORIENT_12,12
HIT9,196.747,196.747,20,1,1,1,ORIENT_12,12
HIT3,197.497,197.497,100,1,1,1.5,ORIENT_12,12
HIT9,197.797,197.797,40,1,1,1.10000000000002,ORIENT_12,12
HIT3,197.947,197.947,20,1,1,1,ORIENT_12,12
HIT9,198.697,198.697,100,1,1,1.5,ORIENT_12,1
HIT3,198.697,198.697,20,1,1,1,ORIENT_12,2
HIT9,199.297,199.297,100,1,1,1.40000000000001,ORIENT_12,1
HIT3,199.297,199.297,20,1,1,1,ORIENT_12,2
HIT9,199.897,199.897,100,1,1,1.40000000000001,ORIENT_12,1
HIT3,199.897,199.897,20,1,1,1,ORIENT_12,2
HIT9,200.497,200.497,100,1,1,1.40000000000001,ORIENT_12,1
HIT3,200.497,200.497,20,1,1,1,ORIENT_12,2
HIT9,201.097,201.097,100,1,1,1.40000000000003,ORIENT_12,12
HIT3,201.397,201.397,40,1,1,1.09999999999999,ORIENT_12,12
HIT9,201.547,201.547,20,1,1,1,ORIENT_12,12
HIT3,202.297,202.297,100,1,1,1.5,ORIENT_12,12
HIT9,202.597,202.597,40,1,1,1.10000000000002,ORIENT_12,12
HIT3,202.747,202.747,20,1,1,1,ORIENT_12,12
BEAT,11.647,11.647,50,0.05,0.4,1,1,1
BEAT,11.947,11.947,20,0.05,0.4,1,1,1
BEAT,12.247,12.247,70,0.05,0.4,1,1,1
BEAT,12.547,12.547,50,0.05,0.4,1,1,1
BEAT,12.847,12.847,50,0.05,0.4,1,1,1
BEAT,13.147,13.147,50,0.05,0.4,1,1,1
BEAT,13.447,13.447,20,0.05,0.4,1,1,1
BEAT,13.747,13.747,70,0.05,0.4,1,1,1
BEAT,14.047,14.047,50,0.05,0.4,1,1,1
BEAT,14.347,14.347,50,0.05,0.4,1,1,1
BEAT,14.647,14.647,50,0.05,0.4,1,1,1
BEAT,14.947,14.947,20,0.05,0.4,1,1,1
BEAT,15.247,15.247,70,0.05,0.4,1,1,1
BEAT,15.547,15.547,50,0.05,0.4,1,1,1
BEAT,15.847,15.847,50,0.05,0.4,1,1,1
BEAT,16.147,16.147,50,0.05,0.4,1,1,1
BEAT,16.447,16.447,20,0.05,0.4,1,1,1
BEAT,16.747,16.747,70,0.05,0.4,1,1,1
BEAT,17.047,17.047,50,0.05,0.4,1,1,1
BEAT,17.347,17.347,50,0.05,0.4,1,1,1
BEAT,17.647,17.647,50,0.05,0.4,1,1,1
BEAT,17.947,17.947,20,0.05,0.4,1,1,1
BEAT,18.247,18.247,70,0.05,0.4,1,1,1
BEAT,18.547,18.547,50,0.05,0.4,1,1,1
BEAT,18.847,18.847,50,0.05,0.4,1,1,1
BEAT,19.147,19.147,50,0.05,0.4,1,1,1
BEAT,19.447,19.447,20,0.05,0.4,1,1,1
BEAT,19.747,19.747,70,0.05,0.4,1,1,1
BEAT,20.047,20.047,50,0.05,0.4,1,1,1
BEAT,20.347,20.347,50,0.05,0.4,1,1,1
BEAT,20.647,20.647,50,0.05,0.4,1,1,1
BEAT,20.947,20.947,20,0.05,0.4,1,1,1
BEAT,21.247,21.247,70,0.05,0.4,1,1,1
BEAT,21.547,21.547,50,0.05,0.4,1,1,1
BEAT,21.847,21.847,50,0.05,0.4,1,1,1
BEAT,22.147,22.147,50,0.05,0.4,1,1,1
BEAT,22.447,22.447,20,0.05,0.4,1,1,1
BEAT,22.747,22.747,70,0.05,0.4,1,1,1
BEAT,23.047,23.047,50,0.05,0.4,1,1,1
BEAT,23.347,23.347,50,0.05,0.4,1,1,1
BEAT,23.647,23.647,50,0.05,0.4,1,1,1
BEAT,23.947,23.947,20,0.05,0.4,1,1,1
BEAT,24.247,24.247,70,0.05,0.4,1,1,1
BEAT,24.547,24.547,50,0.05,0.4,1,1,1
BEAT,24.847,24.847,50,0.05,0.4,1,1,1
BEAT,25.147,25.147,50,0.05,0.4,1,1,1
BEAT,25.447,25.447,20,0.05,0.4,1,1,1
BEAT,25.747,25.747,70,0.05,0.4,1,1,1
BEAT,26.047,26.047,50,0.05,0.4,1,1,1
BEAT,26.347,26.347,50,0.05,0.4,1,1,1
BEAT,26.647,26.647,50,0.05,0.4,1,1,1
BEAT,26.947,26.947,20,0.05,0.4,1,1,1
BEAT,27.247,27.247,70,0.05,0.4,1,1,1
BEAT,27.547,27.547,50,0.05,0.4,1,1,1
BEAT,27.847,27.847,50,0.05,0.4,1,1,1
BEAT,28.147,28.147,50,0.05,0.4,1,1,1
BEAT,28.447,28.447,20,0.05,0.4,1,1,1
BEAT,28.747,28.747,70,0.05,0.4,1,1,1
BEAT,29.047,29.047,50,0.05,0.4,1,1,1
BEAT,29.347,29.347,50,0.05,0.4,1,1,1
BEAT,29.647,29.647,50,0.05,0.4,1,1,1
BEAT,29.947,29.947,20,0.05,0.4,1,1,1
BEAT,30.247,30.247,70,0.05,0.4,1,1,1
BEAT,30.547,30.547,50,0.05,0.4,1,1,1
BEAT,30.847,30.847,50,0.05,0.4,1,1,1
BEAT,31.147,31.147,50,0.05,0.4,1,1,1
BEAT,31.447,31.447,20,0.05,0.4,1,1,1
BEAT,31.747,31.747,70,0.05,0.4,1,1,1
BEAT,32.047,32.047,50,0.05,0.4,1,1,1
BEAT,32.347,32.347,50,0.05,0.4,1,1,1
BEAT,32.647,32.647,50,0.05,0.4,1,1,1
BEAT,32.947,32.947,20,0.05,0.4,1,1,1
BEAT,33.247,33.247,70,0.05,0.4,1,1,1
BEAT,33.547,33.547,50,0.05,0.4,1,1,1
BEAT,33.847,33.847,50,0.05,0.4,1,1,1
BEAT,34.147,34.147,50,0.05,0.4,1,1,1
BEAT,34.447,34.447,20,0.05,0.4,1,1,1
BEAT,34.747,34.747,70,0.05,0.4,1,1,1
BEAT,35.047,35.047,50,0.05,0.4,1,1,1
BEAT,35.347,35.347,50,0.05,0.4,1,1,1
BEAT,35.647,35.647,50,0.05,0.4,1,1,1
BEAT,35.947,35.947,20,0.05,0.4,1,1,1
BEAT,36.247,36.247,70,0.05,0.4,1,1,1
BEAT,36.547,36.547,50,0.05,0.4,1,1,1
BEAT,36.847,36.847,50,0.05,0.4,1,1,1
BEAT,37.147,37.147,50,0.05,0.4,1,1,1
BEAT,37.447,37.447,20,0.05,0.4,1,1,1
BEAT,37.747,37.747,70,0.05,0.4,1,1,1
BEAT,38.047,38.047,50,0.05,0.4,1,1,1
BEAT,38.347,38.347,50,0.05,0.4,1,1,1
BEAT,38.647,38.647,50,0.05,0.4,1,1,1
BEAT,38.947,38.947,20,0.05,0.4,1,1,1
BEAT,39.247,39.247,70,0.05,0.4,1,1,1
BEAT,39.547,39.547,50,0.05,0.4,1,1,1
BEAT,39.847,39.847,50,0.05,0.4,1,1,1
BEAT,40.147,40.147,50,0.05,0.4,1,1,1
BEAT,40.447,40.447,20,0.05,0.4,1,1,1
BEAT,40.747,40.747,70,0.05,0.4,1,1,1
BEAT,41.047,41.047,50,0.05,0.4,1,1,1
BEAT,41.347,41.347,50,0.05,0.4,1,1,1
BEAT,41.647,41.647,50,0.05,0.4,1,1,1
BEAT,41.947,41.947,20,0.05,0.4,1,1,1
BEAT,42.247,42.247,70,0.05,0.4,1,1,1
BEAT,42.547,42.547,50,0.05,0.4,1,1,1
BEAT,42.847,42.847,50,0.05,0.4,1,1,1
BEAT,43.147,43.147,50,0.05,0.4,1,1,1
BEAT,43.447,43.447,20,0.05,0.4,1,1,1
BEAT,43.747,43.747,70,0.05,0.4,1,1,1
BEAT,44.047,44.047,50,0.05,0.4,1,1,1
BEAT,44.347,44.347,50,0.05,0.4,1,1,1
BEAT,44.647,44.647,50,0.05,0.4,1,1,1
BEAT,44.947,44.947,20,0.05,0.4,1,1,1
BEAT,45.247,45.247,70,0.05,0.4,1,1,1
BEAT,45.547,45.547,50,0.05,0.4,1,1,1
BEAT,45.847,45.847,50,0.05,0.4,1,1,1
BEAT,46.147,46.147,50,0.05,0.4,1,1,1
BEAT,46.447,46.447,20,0.05,0.4,1,1,1
BEAT,46.747,46.747,70,0.05,0.4,1,1,1
BEAT,47.047,47.047,50,0.05,0.4,1,1,1
BEAT,47.347,47.347,50,0.05,0.4,1,1,1
BEAT,47.647,47.647,50,0.05,0.4,1,1,1
BEAT,47.947,47.947,20,0.05,0.4,1,1,1
BEAT,48.247,48.247,70,0.05,0.4,1,1,1
BEAT,48.547,48.547,50,0.05,0.4,1,1,1
BEAT,48.847,48.847,50,0.05,0.4,1,1,1
BEAT,49.147,49.147,50,0.05,0.4,1,1,1
BEAT,49.447,49.447,20,0.05,0.4,1,1,1
BEAT,49.747,49.747,70,0.05,0.4,1,1,1
BEAT,50.047,50.047,50,0.05,0.4,1,1,1
BEAT,50.347,50.347,50,0.05,0.4,1,1,1
BEAT,50.647,50.647,50,0.05,0.4,1,1,1
BEAT,50.947,50.947,20,0.05,0.4,1,1,1
BEAT,51.247,51.247,70,0.05,0.4,1,1,1
BEAT,51.547,51.547,50,0.05,0.4,1,1,1
BEAT,51.847,51.847,50,0.05,0.4,1,1,1
BEAT,52.147,52.147,50,0.05,0.4,1,1,1
BEAT,52.447,52.447,20,0.05,0.4,1,1,1
BEAT,52.747,52.747,70,0.05,0.4,1,1,1
BEAT,53.047,53.047,50,0.05,0.4,1,1,1
BEAT,53.347,53.347,50,0.05,0.4,1,1,1
BEAT,53.647,53.647,50,0.05,0.4,1,1,1
BEAT,53.947,53.947,20,0.05,0.4,1,1,1
BEAT,54.247,54.247,70,0.05,0.4,1,1,1
BEAT,54.547,54.547,50,0.05,0.4,1,1,1
BEAT,54.847,54.847,50,0.05,0.4,1,1,1
BEAT,55.147,55.147,50,0.05,0.4,1,1,1
BEAT,55.447,55.447,20,0.05,0.4,1,1,1
BEAT,55.747,55.747,70,0.05,0.4,1,1,1
BEAT,56.047,56.047,50,0.05,0.4,1,1,1
BEAT,56.347,56.347,50,0.05,0.4,1,1,1
BEAT,56.647,56.647,50,0.05,0.4,1,1,1
BEAT,56.947,56.947,20,0.05,0.4,1,1,1
BEAT,57.247,57.247,70,0.05,0.4,1,1,1
BEAT,57.547,57.547,50,0.05,0.4,1,1,1
BEAT,57.847,57.847,50,0.05,0.4,1,1,1
BEAT,58.147,58.147,50,0.05,0.4,1,1,1
BEAT,58.447,58.447,20,0.05,0.4,1,1,1
BEAT,58.747,58.747,70,0.05,0.4,1,1,1
BEAT,59.047,59.047,50,0.05,0.4,1,1,1
BEAT,59.347,59.347,50,0.05,0.4,1,1,1
BEAT,59.647,59.647,50,0.05,0.4,1,1,1
BEAT,59.947,59.947,20,0.05,0.4,1,1,1
BEAT,60.247,60.247,70,0.05,0.4,1,1,1
BEAT,60.547,60.547,50,0.05,0.4,1,1,1
BEAT,60.847,60.847,50,0.05,0.4,1,1,1
BEAT,61.147,61.147,50,0.05,0.4,1,1,1
BEAT,61.447,61.447,20,0.05,0.4,1,1,1
BEAT,61.747,61.747,70,0.05,0.4,1,1,1
BEAT,62.047,62.047,50,0.05,0.4,1,1,1
BEAT,62.347,62.347,50,0.05,0.4,1,1,1
BEAT,62.647,62.647,50,0.05,0.4,1,1,1
BEAT,62.947,62.947,20,0.05,0.4,1,1,1
BEAT,63.247,63.247,70,0.05,0.4,1,1,1
BEAT,63.547,63.547,50,0.05,0.4,1,1,1
BEAT,63.847,63.847,50,0.05,0.4,1,1,1
BEAT,64.147,64.147,50,0.05,0.4,1,1,1
BEAT,64.447,64.447,20,0.05,0.4,1,1,1
BEAT,64.747,64.747,70,0.05,0.4,1,1,1
BEAT,65.047,65.047,50,0.05,0.4,1,1,1
BEAT,65.347,65.347,50,0.05,0.4,1,1,1
BEAT,65.647,65.647,50,0.05,0.4,1,1,1
BEAT,65.947,65.947,20,0.05,0.4,1,1,1
BEAT,66.247,66.247,70,0.05,0.4,1,1,1
BEAT,66.547,66.547,50,0.05,0.4,1,1,1
BEAT,66.847,66.847,50,0.05,0.4,1,1,1
BEAT,67.147,67.147,50,0.05,0.4,1,1,1
BEAT,67.447,67.447,20,0.05,0.4,1,1,1
BEAT,67.747,67.747,70,0.05,0.4,1,1,1
BEAT,68.047,68.047,50,0.05,0.4,1,1,1
BEAT,68.347,68.347,50,0.05,0.4,1,1,1
BEAT,68.647,68.647,50,0.05,0.4,1,1,1
BEAT,68.947,68.947,20,0.05,0.4,1,1,1
BEAT,69.247,69.247,70,0.05,0.4,1,1,1
BEAT,69.547,69.547,50,0.05,0.4,1,1,1
BEAT,69.847,69.847,50,0.05,0.4,1,1,1
BEAT,70.147,70.147,50,0.05,0.4,1,1,1
BEAT,70.447,70.447,20,0.05,0.4,1,1,1
BEAT,70.747,70.747,70,0.05,0.4,1,1,1
BEAT,71.047,71.047,50,0.05,0.4,1,1,1
BEAT,71.347,71.347,50,0.05,0.4,1,1,1
BEAT,71.647,71.647,50,0.05,0.4,1,1,1
BEAT,71.947,71.947,20,0.05,0.4,1,1,1
BEAT,72.247,72.247,70,0.05,0.4,1,1,1
BEAT,72.547,72.547,50,0.05,0.4,1,1,1
BEAT,72.847,72.847,50,0.05,0.4,1,1,1
BEAT,73.147,73.147,50,0.05,0.4,1,1,1
BEAT,73.447,73.447,20,0.05,0.4,1,1,1
BEAT,73.747,73.747,70,0.05,0.4,1,1,1
BEAT,74.047,74.047,50,0.05,0.4,1,1,1
BEAT,74.347,74.347,50,0.05,0.4,1,1,1
BEAT,74.647,74.647,50,0.05,0.4,1,1,1
BEAT,74.947,74.947,20,0.05,0.4,1,1,1
BEAT,75.247,75.247,70,0.05,0.4,1,1,1
BEAT,75.547,75.547,50,0.05,0.4,1,1,1
BEAT,75.847,75.847,50,0.05,0.4,1,1,1
BEAT,76.147,76.147,50,0.05,0.4,1,1,1
BEAT,76.447,76.447,20,0.05,0.4,1,1,1
BEAT,76.747,76.747,70,0.05,0.4,1,1,1
BEAT,77.047,77.047,50,0.05,0.4,1,1,1
BEAT,77.347,77.347,50,0.05,0.4,1,1,1
BEAT,77.647,77.647,50,0.05,0.4,1,1,1
BEAT,77.947,77.947,20,0.05,0.4,1,1,1
BEAT,78.247,78.247,70,0.05,0.4,1,1,1
BEAT,78.547,78.547,50,0.05,0.4,1,1,1
BEAT,78.847,78.847,50,0.05,0.4,1,1,1
BEAT,79.147,79.147,50,0.05,0.4,1,1,1
BEAT,79.447,79.447,20,0.05,0.4,1,1,1
BEAT,79.747,79.747,70,0.05,0.4,1,1,1
BEAT,80.047,80.047,50,0.05,0.4,1,1,1
BEAT,80.347,80.347,50,0.05,0.4,1,1,1
BEAT,80.647,80.647,50,0.05,0.4,1,1,1
BEAT,80.947,80.947,20,0.05,0.4,1,1,1
BEAT,81.247,81.247,70,0.05,0.4,1,1,1
BEAT,81.547,81.547,50,0.05,0.4,1,1,1
BEAT,81.847,81.847,50,0.05,0.4,1,1,1
BEAT,82.147,82.147,50,0.05,0.4,1,1,1
BEAT,82.447,82.447,20,0.05,0.4,1,1,1
BEAT,82.747,82.747,70,0.05,0.4,1,1,1
BEAT,83.047,83.047,50,0.05,0.4,1,1,1
BEAT,83.347,83.347,50,0.05,0.4,1,1,1
BEAT,83.647,83.647,50,0.05,0.4,1,1,1
BEAT,83.947,83.947,20,0.05,0.4,1,1,1
BEAT,84.247,84.247,70,0.05,0.4,1,1,1
BEAT,84.547,84.547,50,0.05,0.4,1,1,1
BEAT,84.847,84.847,50,0.05,0.4,1,1,1
BEAT,85.147,85.147,50,0.05,0.4,1,1,1
BEAT,85.447,85.447,20,0.05,0.4,1,1,1
BEAT,85.747,85.747,70,0.05,0.4,1,1,1
BEAT,86.047,86.047,50,0.05,0.4,1,1,1
BEAT,86.347,86.347,50,0.05,0.4,1,1,1
BEAT,86.647,86.647,50,0.05,0.4,1,1,1
BEAT,86.947,86.947,20,0.05,0.4,1,1,1
BEAT,87.247,87.247,70,0.05,0.4,1,1,1
BEAT,87.547,87.547,50,0.05,0.4,1,1,1
BEAT,87.847,87.847,50,0.05,0.4,1,1,1
BEAT,88.147,88.147,50,0.05,0.4,1,1,1
BEAT,88.447,88.447,20,0.05,0.4,1,1,1
BEAT,88.747,88.747,70,0.05,0.4,1,1,1
BEAT,89.047,89.047,50,0.05,0.4,1,1,1
BEAT,89.347,89.347,50,0.05,0.4,1,1,1
BEAT,89.647,89.647,50,0.05,0.4,1,1,1
BEAT,89.947,89.947,20,0.05,0.4,1,1,1
BEAT,90.247,90.247,70,0.05,0.4,1,1,1
BEAT,90.547,90.547,50,0.05,0.4,1,1,1
BEAT,90.847,90.847,50,0.05,0.4,1,1,1
BEAT,91.147,91.147,50,0.05,0.4,1,1,1
BEAT,91.447,91.447,20,0.05,0.4,1,1,1
BEAT,91.747,91.747,70,0.05,0.4,1,1,1
BEAT,92.047,92.047,50,0.05,0.4,1,1,1
BEAT,92.347,92.347,50,0.05,0.4,1,1,1
BEAT,92.647,92.647,50,0.05,0.4,1,1,1
BEAT,92.947,92.947,20,0.05,0.4,1,1,1
BEAT,93.247,93.247,70,0.05,0.4,1,1,1
BEAT,93.547,93.547,50,0.05,0.4,1,1,1
BEAT,93.847,93.847,50,0.05,0.4,1,1,1
BEAT,94.147,94.147,50,0.05,0.4,1,1,1
BEAT,94.447,94.447,20,0.05,0.4,1,1,1
BEAT,94.747,94.747,70,0.05,0.4,1,1,1
BEAT,95.047,95.047,50,0.05,0.4,1,1,1
BEAT,95.347,95.347,50,0.05,0.4,1,1,1
BEAT,95.647,95.647,50,0.05,0.4,1,1,1
BEAT,95.947,95.947,20,0.05,0.4,1,1,1
BEAT,96.247,96.247,70,0.05,0.4,1,1,1
BEAT,96.547,96.547,50,0.05,0.4,1,1,1
BEAT,96.847,96.847,50,0.05,0.4,1,1,1
BEAT,97.147,97.147,50,0.05,0.4,1,1,1
BEAT,97.447,97.447,20,0.05,0.4,1,1,1
BEAT,97.747,97.747,70,0.05,0.4,1,1,1
BEAT,98.047,98.047,50,0.05,0.4,1,1,1
BEAT,98.347,98.347,50,0.05,0.4,1,1,1
BEAT,98.647,98.647,50,0.05,0.4,1,1,1
BEAT,98.947,98.947,20,0.05,0.4,1,1,1
BEAT,99.247,99.247,70,0.05,0.4,1,1,1
BEAT,99.547,99.547,50,0.05,0.4,1,1,1
BEAT,99.847,99.847,50,0.05,0.4,1,1,1
BEAT,100.147,100.147,50,0.05,0.4,1,1,1
BEAT,100.447,100.447,20,0.05,0.4,1,1,1
BEAT,100.747,100.747,70,0.05,0.4,1,1,1
BEAT,101.047,101.047,50,0.05,0.4,1,1,1
BEAT,101.347,101.347,50,0.05,0.4,1,1,1
BEAT,101.647,101.647,50,0.05,0.4,1,1,1
BEAT,101.947,101.947,20,0.05,0.4,1,1,1
BEAT,102.247,102.247,70,0.05,0.4,1,1,1
BEAT,102.547,102.547,50,0.05,0.4,1,1,1
BEAT,102.847,102.847,50,0.05,0.4,1,1,1
BEAT,103.147,103.147,50,0.05,0.4,1,1,1
BEAT,103.447,103.447,20,0.05,0.4,1,1,1
BEAT,103.747,103.747,70,0.05,0.4,1,1,1
BEAT,104.047,104.047,50,0.05,0.4,1,1,1
BEAT,104.347,104.347,50,0.05,0.4,1,1,1
BEAT,104.647,104.647,50,0.05,0.4,1,1,1
BEAT,104.947,104.947,20,0.05,0.4,1,1,1
BEAT,105.247,105.247,70,0.05,0.4,1,1,1
BEAT,105.547,105.547,50,0.05,0.4,1,1,1
BEAT,105.847,105.847,50,0.05,0.4,1,1,1
BEAT,106.147,106.147,50,0.05,0.4,1,1,1
BEAT,106.447,106.447,20,0.05,0.4,1,1,1
BEAT,106.747,106.747,70,0.05,0.4,1,1,1
BEAT,107.047,107.047,50,0.05,0.4,1,1,1
BEAT,107.347,107.347,50,0.05,0.4,1,1,1
BEAT,107.647,107.647,50,0.05,0.4,1,1,1
BEAT,107.947,107.947,20,0.05,0.4,1,1,1
BEAT,108.247,108.247,70,0.05,0.4,1,1,1
BEAT,108.547,108.547,50,0.05,0.4,1,1,1
BEAT,108.847,108.847,50,0.05,0.4,1,1,1
BEAT,109.147,109.147,50,0.05,0.4,1,1,1
BEAT,109.447,109.447,20,0.05,0.4,1,1,1
BEAT,109.747,109.747,70,0.05,0.4,1,1,1
BEAT,110.047,110.047,50,0.05,0.4,1,1,1
BEAT,110.347,110.347,50,0.05,0.4,1,1,1
BEAT,110.647,110.647,50,0.05,0.4,1,1,1
BEAT,110.947,110.947,20,0.05,0.4,1,1,1
BEAT,111.247,111.247,70,0.05,0.4,1,1,1
BEAT,111.547,111.547,50,0.05,0.4,1,1,1
BEAT,111.847,111.847,50,0.05,0.4,1,1,1
BEAT,112.147,112.147,50,0.05,0.4,1,1,1
BEAT,112.447,112.447,20,0.05,0.4,1,1,1
BEAT,112.747,112.747,70,0.05,0.4,1,1,1
BEAT,113.047,113.047,50,0.05,0.4,1,1,1
BEAT,113.347,113.347,50,0.05,0.4,1,1,1
BEAT,113.647,113.647,50,0.05,0.4,1,1,1
BEAT,113.947,113.947,20,0.05,0.4,1,1,1
BEAT,114.247,114.247,70,0.05,0.4,1,1,1
BEAT,114.547,114.547,50,0.05,0.4,1,1,1
BEAT,114.847,114.847,50,0.05,0.4,1,1,1
BEAT,115.147,115.147,50,0.05,0.4,1,1,1
BEAT,115.447,115.447,20,0.05,0.4,1,1,1
BEAT,115.747,115.747,70,0.05,0.4,1,1,1
BEAT,116.047,116.047,50,0.05,0.4,1,1,1
BEAT,116.347,116.347,50,0.05,0.4,1,1,1
BEAT,116.647,116.647,50,0.05,0.4,1,1,1
BEAT,116.947,116.947,20,0.05,0.4,1,1,1
BEAT,117.247,117.247,70,0.05,0.4,1,1,1
BEAT,117.547,117.547,50,0.05,0.4,1,1,1
BEAT,117.847,117.847,50,0.05,0.4,1,1,1
BEAT,118.147,118.147,50,0.05,0.4,1,1,1
BEAT,118.447,118.447,20,0.05,0.4,1,1,1
BEAT,118.747,118.747,70,0.05,0.4,1,1,1
BEAT,119.047,119.047,50,0.05,0.4,1,1,1
BEAT,119.347,119.347,50,0.05,0.4,1,1,1

